{
  "focal_len": 800.0,
  "cx": 256.0,
  "cy": 256.0,
  "frames": [
    {
      "img_id": 0,
      "aud_id": 0,
      "transform_matrix": [
        [
          0.987157940864563,
          0.07541263103485107,
          0.14082661271095276,
          0.09527836740016937
        ],
        [
          -0.11005303263664246,
          0.9600318670272827,
          0.2573462128639221,
          0.11059728264808655
        ],
        [
          -0.11579089611768723,
          -0.2695397436618805,
          0.9560025334358215,
          0.7034845352172852
        ],
        [
          0.0,
          0.0,
          0.0,
          1.0
        ]
      ]
    },
    {
      "img_id": 1,
      "aud_id": 1,
      "transform_matrix": [
        [
          0.986179769039154,
          0.07430484890937805,
          0.14808183908462524,
          0.10085736215114594
        ],
        [
          -0.1102767139673233,
          0.9614283442497253,
          0.2519815266132355,
          0.10691677778959274
        ],
        [
          -0.12364660948514938,
          -0.2648290693759918,
          0.9563352465629578,
          0.7033196091651917
        ],
        [
          0.0,
          0.0,
          0.0,
          1.0
        ]
      ]
    },
    {
      "img_id": 2,
      "aud_id": 2,
      "transform_matrix": [
        [
          0.984897255897522,
          0.07684926688671112,
          0.15514996647834778,
          0.10562767833471298
        ],
        [
          -0.11559350788593292,
          0.9589948654174805,
          0.2587798237800598,
          0.11188703775405884
        ],
        [
          -0.12890098989009857,
          -0.2728058695793152,
          0.9533947110176086,
          0.7022896409034729
        ],
        [
          0.0,
          0.0,
          0.0,
          1.0
        ]
      ]
    },
    {
      "img_id": 3,
      "aud_id": 3,
      "transform_matrix": [
        [
          0.9839393496513367,
          0.07657964527606964,
          0.16124193370342255,
          0.1102120578289032
        ],
        [
          -0.11739242076873779,
          0.9580845832824707,
          0.2613293528556824,
          0.11364832520484924
        ],
        [
          -0.1344708949327469,
          -0.2760608196258545,
          0.9516869783401489,
          0.7015007138252258
        ],
        [
          0.0,
          0.0,
          0.0,
          1.0
        ]
      ]
    },
    {
      "img_id": 4,
      "aud_id": 4,
      "transform_matrix": [
        [
          0.9831689596176147,
          0.07471941411495209,
          0.1667206734418869,
          0.11457565426826477
        ],
        [
          -0.1170734167098999,
          0.9582287669181824,
          0.2609434723854065,
          0.11347474157810211
        ],
        [
          -0.1402589976787567,
          -0.27607008814811707,
          0.9508484601974487,
          0.7009071707725525
        ],
        [
          0.0,
          0.0,
          0.0,
          1.0
        ]
      ]
    },
    {
      "img_id": 5,
      "aud_id": 5,
      "transform_matrix": [
        [
          0.982424795627594,
          0.07465814799070358,
          0.17107810080051422,
          0.1179436594247818
        ],
        [
          -0.11918140202760696,
          0.9562734961509705,
          0.26708948612213135,
          0.11805275827646255
        ],
        [
          -0.14365704357624054,
          -0.282784640789032,
          0.9483646750450134,
          0.699797511100769
        ],
        [
          0.0,
          0.0,
          0.0,
          1.0
        ]
      ]
    },
    {
      "img_id": 6,
      "aud_id": 6,
      "transform_matrix": [
        [
          0.9819113612174988,
          0.07874584197998047,
          0.1721891164779663,
          0.11825934052467346
        ],
        [
          -0.12414828687906265,
          0.9544007182121277,
          0.2714895009994507,
          0.12145594507455826
        ],
        [
          -0.14295874536037445,
          -0.2879556119441986,
          0.9469130635261536,
          0.6991218328475952
        ],
        [
          0.0,
          0.0,
          0.0,
          1.0
        ]
      ]
    },
    {
      "img_id": 7,
      "aud_id": 7,
      "transform_matrix": [
        [
          0.9817459583282471,
          0.08205124735832214,
          0.17158818244934082,
          0.11756565421819687
        ],
        [
          -0.12684668600559235,
          0.9546833038330078,
          0.2692391574382782,
          0.12003469467163086
        ],
        [
          -0.1417209655046463,
          -0.28608983755111694,
          0.9476643800735474,
          0.6992186307907104
        ],
        [
          0.0,
          0.0,
          0.0,
          1.0
        ]
      ]
    },
    {
      "img_id": 8,
      "aud_id": 8,
      "transform_matrix": [
        [
          0.9815789461135864,
          0.08038392663002014,
          0.17332401871681213,
          0.11895986646413803
        ],
        [
          -0.12429145723581314,
          0.957640528678894,
          0.25976184010505676,
          0.11325202882289886
        ],
        [
          -0.14510144293308258,
          -0.27651944756507874,
          0.9499908089637756,
          0.6997079849243164
        ],
        [
          0.0,
          0.0,
          0.0,
          1.0
        ]
      ]
    },
    {
      "img_id": 9,
      "aud_id": 9,
      "transform_matrix": [
        [
          0.9823943376541138,
          0.07892800867557526,
          0.1693272441625595,
          0.1162109524011612
        ],
        [
          -0.12130042165517807,
          0.9588154554367065,
          0.25682488083839417,
          0.11127956211566925
        ],
        [
          -0.14208291471004486,
          -0.27284276485443115,
          0.9515089392662048,
          0.7001667618751526
        ],
        [
          0.0,
          0.0,
          0.0,
          1.0
        ]
      ]
    },
    {
      "img_id": 10,
      "aud_id": 10,
      "transform_matrix": [
        [
          0.982852041721344,
          0.08095996081829071,
          0.16567227244377136,
          0.1131085529923439
        ],
        [
          -0.12292405217885971,
          0.9573699235916138,
          0.26140475273132324,
          0.11476490646600723
        ],
        [
          -0.1374463587999344,
          -0.2772873342037201,
          0.9509049654006958,
          0.700044572353363
        ],
        [
          0.0,
          0.0,
          0.0,
          1.0
        ]
      ]
    },
    {
      "img_id": 11,
      "aud_id": 11,
      "transform_matrix": [
        [
          0.982870876789093,
          0.08175382018089294,
          0.16517004370689392,
          0.11239629983901978
        ],
        [
          -0.1245017871260643,
          0.9553386569023132,
          0.26800617575645447,
          0.11981740593910217
        ],
        [
          -0.13588280975818634,
          -0.2839794456958771,
          0.9491531252861023,
          0.6995858550071716
        ],
        [
          0.0,
          0.0,
          0.0,
          1.0
        ]
      ]
    },
    {
      "img_id": 12,
      "aud_id": 12,
      "transform_matrix": [
        [
          0.9832395315170288,
          0.07937785238027573,
          0.16413187980651855,
          0.11184466630220413
        ],
        [
          -0.12214954942464828,
          0.955132007598877,
          0.2698192298412323,
          0.121267169713974
        ],
        [
          -0.13534994423389435,
          -0.28534555435180664,
          0.9488194584846497,
          0.69940584897995
        ],
        [
          0.0,
          0.0,
          0.0,
          1.0
        ]
      ]
    },
    {
      "img_id": 13,
      "aud_id": 13,
      "transform_matrix": [
        [
          0.98429274559021,
          0.07983098924160004,
          0.1574636697769165,
          0.10682552307844162
        ],
        [
          -0.12231014668941498,
          0.9515458941459656,
          0.2821357548236847,
          0.1304798722267151
        ],
        [
          -0.12731073796749115,
          -0.29696357250213623,
          0.9463638663291931,
          0.6990258097648621
        ],
        [
          0.0,
          0.0,
          0.0,
          1.0
        ]
      ]
    },
    {
      "img_id": 14,
      "aud_id": 14,
      "transform_matrix": [
        [
          0.985255241394043,
          0.07499179244041443,
          0.15378019213676453,
          0.10480830073356628
        ],
        [
          -0.11715696007013321,
          0.9507463574409485,
          0.28697669506073,
          0.1339832842350006
        ],
        [
          -0.12468505650758743,
          -0.30076169967651367,
          0.9455136656761169,
          0.6991033554077148
        ],
        [
          0.0,
          0.0,
          0.0,
          1.0
        ]
      ]
    },
    {
      "img_id": 15,
      "aud_id": 15,
      "transform_matrix": [
        [
          0.9857245087623596,
          0.07471707463264465,
          0.15087878704071045,
          0.1027771458029747
        ],
        [
          -0.11610147356987,
          0.9506432414054871,
          0.2877461910247803,
          0.13493406772613525
        ],
        [
          -0.12193233519792557,
          -0.3011557459831238,
          0.9457471966743469,
          0.6992645859718323
        ],
        [
          0.0,
          0.0,
          0.0,
          1.0
        ]
      ]
    },
    {
      "img_id": 16,
      "aud_id": 16,
      "transform_matrix": [
        [
          0.9861962795257568,
          0.07496115565299988,
          0.14764034748077393,
          0.10054438561201096
        ],
        [
          -0.11602866649627686,
          0.9489794373512268,
          0.29321566224098206,
          0.13929924368858337
        ],
        [
          -0.11812786757946014,
          -0.30629870295524597,
          0.9445776343345642,
          0.6989189386367798
        ],
        [
          0.0,
          0.0,
          0.0,
          1.0
        ]
      ]
    },
    {
      "img_id": 17,
      "aud_id": 17,
      "transform_matrix": [
        [
          0.9869149327278137,
          0.07588158547878265,
          0.14227066934108734,
          0.09677407890558243
        ],
        [
          -0.11567576229572296,
          0.9478878974914551,
          0.296862930059433,
          0.14244979619979858
        ],
        [
          -0.11233022063970566,
          -0.30943572521209717,
          0.9442623853683472,
          0.6988970637321472
        ],
        [
          0.0,
          0.0,
          0.0,
          1.0
        ]
      ]
    },
    {
      "img_id": 18,
      "aud_id": 18,
      "transform_matrix": [
        [
          0.9869113564491272,
          0.07869593799114227,
          0.14075814187526703,
          0.09529725462198257
        ],
        [
          -0.11816452443599701,
          0.946872353553772,
          0.29911527037620544,
          0.14480136334896088
        ],
        [
          -0.10974083840847015,
          -0.31183287501335144,
          0.9437781572341919,
          0.6987146139144897
        ],
        [
          0.0,
          0.0,
          0.0,
          1.0
        ]
      ]
    },
    {
      "img_id": 19,
      "aud_id": 19,
      "transform_matrix": [
        [
          0.986942708492279,
          0.08233749866485596,
          0.13843625783920288,
          0.09317313879728317
        ],
        [
          -0.1211623027920723,
          0.9458155632019043,
          0.3012518286705017,
          0.14695565402507782
        ],
        [
          -0.10613083094358444,
          -0.3140915334224701,
          0.9434419274330139,
          0.698486864566803
        ],
        [
          0.0,
          0.0,
          0.0,
          1.0
        ]
      ]
    },
    {
      "img_id": 20,
      "aud_id": 20,
      "transform_matrix": [
        [
          0.9868013262748718,
          0.08265714347362518,
          0.13925141096115112,
          0.09351266175508499
        ],
        [
          -0.12138743698596954,
          0.9467405676841736,
          0.2982405424118042,
          0.1451036036014557
        ],
        [
          -0.10718324780464172,
          -0.31120753288269043,
          0.944278359413147,
          0.6984977126121521
        ],
        [
          0.0,
          0.0,
          0.0,
          1.0
        ]
      ]
    },
    {
      "img_id": 21,
      "aud_id": 21,
      "transform_matrix": [
        [
          0.9869334101676941,
          0.08509640395641327,
          0.1368243247270584,
          0.09121950715780258
        ],
        [
          -0.12322258204221725,
          0.9457491636276245,
          0.30062371492385864,
          0.1470739245414734
        ],
        [
          -0.10381950438022614,
          -0.31355544924736023,
          0.9438773393630981,
          0.6980685591697693
        ],
        [
          0.0,
          0.0,
          0.0,
          1.0
        ]
      ]
    },
    {
      "img_id": 22,
      "aud_id": 22,
      "transform_matrix": [
        [
          0.9876514077186584,
          0.08295245468616486,
          0.13290417194366455,
          0.08859895914793015
        ],
        [
          -0.1205727756023407,
          0.9441273808479309,
          0.30673375725746155,
          0.1514398753643036
        ],
        [
          -0.10003416240215302,
          -0.318970650434494,
          0.9424706101417542,
          0.6973040699958801
        ],
        [
          0.0,
          0.0,
          0.0,
          1.0
        ]
      ]
    },
    {
      "img_id": 23,
      "aud_id": 23,
      "transform_matrix": [
        [
          0.9878489375114441,
          0.0814044326543808,
          0.1323929727077484,
          0.08827134966850281
        ],
        [
          -0.1193072721362114,
          0.9431171417236328,
          0.31031590700149536,
          0.1541365683078766
        ],
        [
          -0.09960098564624786,
          -0.3223406672477722,
          0.941369354724884,
          0.696369469165802
        ],
        [
          0.0,
          0.0,
          0.0,
          1.0
        ]
      ]
    },
    {
      "img_id": 24,
      "aud_id": 24,
      "transform_matrix": [
        [
          0.9885172247886658,
          0.07862457633018494,
          0.1290423721075058,
          0.08611930161714554
        ],
        [
          -0.115376777946949,
          0.9441856145858765,
          0.3085477948188782,
          0.15283000469207764
        ],
        [
          -0.09758050739765167,
          -0.3198933005332947,
          0.942415177822113,
          0.6963995695114136
        ],
        [
          0.0,
          0.0,
          0.0,
          1.0
        ]
      ]
    },
    {
      "img_id": 25,
      "aud_id": 25,
      "transform_matrix": [
        [
          0.9882464408874512,
          0.08210285007953644,
          0.12894971668720245,
          0.08558904379606247
        ],
        [
          -0.11835162341594696,
          0.9448240399360657,
          0.30545106530189514,
          0.15055963397026062
        ],
        [
          -0.09675639867782593,
          -0.31712237000465393,
          0.9434360265731812,
          0.6963057518005371
        ],
        [
          0.0,
          0.0,
          0.0,
          1.0
        ]
      ]
    },
    {
      "img_id": 26,
      "aud_id": 26,
      "transform_matrix": [
        [
          0.9883344173431396,
          0.08545207977294922,
          0.12606780230998993,
          0.08315983414649963
        ],
        [
          -0.12032926082611084,
          0.9455459117889404,
          0.30243000388145447,
          0.14835768938064575
        ],
        [
          -0.09335960447788239,
          -0.3140716254711151,
          0.9447978734970093,
          0.6966239809989929
        ],
        [
          0.0,
          0.0,
          0.0,
          1.0
        ]
      ]
    },
    {
      "img_id": 27,
      "aud_id": 27,
      "transform_matrix": [
        [
          0.9883485436439514,
          0.08789895474910736,
          0.12426148355007172,
          0.08166614174842834
        ],
        [
          -0.12224256992340088,
          0.9448096752166748,
          0.30395984649658203,
          0.14956867694854736
        ],
        [
          -0.09068568795919418,
          -0.31560829281806946,
          0.9445461630821228,
          0.6966840624809265
        ],
        [
          0.0,
          0.0,
          0.0,
          1.0
        ]
      ]
    },
    {
      "img_id": 28,
      "aud_id": 28,
      "transform_matrix": [
        [
          0.9885174036026001,
          0.08749835938215256,
          0.12319646030664444,
          0.0810728371143341
        ],
        [
          -0.12210601568222046,
          0.9428136944770813,
          0.31014904379844666,
          0.1540733277797699
        ],
        [
          -0.08901377767324448,
          -0.3216307759284973,
          0.9426718354225159,
          0.6963734030723572
        ],
        [
          0.0,
          0.0,
          0.0,
          1.0
        ]
      ]
    },
    {
      "img_id": 29,
      "aud_id": 29,
      "transform_matrix": [
        [
          0.988379955291748,
          0.08799934387207031,
          0.1239403560757637,
          0.0814995989203453
        ],
        [
          -0.12305569648742676,
          0.9418901801109314,
          0.31257015466690063,
          0.15583005547523499
        ],
        [
          -0.08923224359750748,
          -0.3241896331310272,
          0.9417741894721985,
          0.6959923505783081
        ],
        [
          0.0,
          0.0,
          0.0,
          1.0
        ]
      ]
    },
    {
      "img_id": 30,
      "aud_id": 30,
      "transform_matrix": [
        [
          0.9887827634811401,
          0.08639177680015564,
          0.12184052914381027,
          0.08034444600343704
        ],
        [
          -0.12073864787817001,
          0.9425342082977295,
          0.3115308880805969,
          0.1552155762910843
        ],
        [
          -0.08792515099048615,
          -0.32274723052978516,
          0.9423923492431641,
          0.6964503526687622
        ],
        [
          0.0,
          0.0,
          0.0,
          1.0
        ]
      ]
    },
    {
      "img_id": 31,
      "aud_id": 31,
      "transform_matrix": [
        [
          0.9882045388221741,
          0.0865924060344696,
          0.12630724906921387,
          0.08342777192592621
        ],
        [
          -0.12120944261550903,
          0.946357250213623,
          0.2995264530181885,
          0.14645957946777344
        ],
        [
          -0.09359508007764816,
          -0.311303049325943,
          0.9456904530525208,
          0.697657585144043
        ],
        [
          0.0,
          0.0,
          0.0,
          1.0
        ]
      ]
    },
    {
      "img_id": 32,
      "aud_id": 32,
      "transform_matrix": [
        [
          0.988186776638031,
          0.08578164875507355,
          0.12699739634990692,
          0.08396050333976746
        ],
        [
          -0.1206161379814148,
          0.946541965007782,
          0.29918205738067627,
          0.14598067104816437
        ],
        [
          -0.09454404562711716,
          -0.3109656870365143,
          0.9457069635391235,
          0.6971190571784973
        ],
        [
          0.0,
          0.0,
          0.0,
          1.0
        ]
      ]
    },
    {
      "img_id": 33,
      "aud_id": 33,
      "transform_matrix": [
        [
          0.9878074526786804,
          0.08732270449399948,
          0.12888409197330475,
          0.08507506549358368
        ],
        [
          -0.12292654812335968,
          0.9454935193061829,
          0.3015477657318115,
          0.1474279761314392
        ],
        [
          -0.09552711248397827,
          -0.3137144148349762,
          0.9446998834609985,
          0.6958786249160767
        ],
        [
          0.0,
          0.0,
          0.0,
          1.0
        ]
      ]
    },
    {
      "img_id": 34,
      "aud_id": 34,
      "transform_matrix": [
        [
          0.9872119426727295,
          0.09339333325624466,
          0.12919092178344727,
          0.0843774825334549
        ],
        [
          -0.12918372452259064,
          0.9435264468193054,
          0.3050728142261505,
          0.14974559843540192
        ],
        [
          -0.09340327978134155,
          -0.317860871553421,
          0.9435254335403442,
          0.6949165463447571
        ],
        [
          0.0,
          0.0,
          0.0,
          1.0
        ]
      ]
    },
    {
      "img_id": 35,
      "aud_id": 35,
      "transform_matrix": [
        [
          0.9877573251724243,
          0.09237241744995117,
          0.12570898234844208,
          0.08203040063381195
        ],
        [
          -0.12720811367034912,
          0.9433898329734802,
          0.3063231110572815,
          0.15055342018604279
        ],
        [
          -0.09029676020145416,
          -0.31856411695480347,
          0.9435907006263733,
          0.6943613290786743
        ],
        [
          0.0,
          0.0,
          0.0,
          1.0
        ]
      ]
    },
    {
      "img_id": 36,
      "aud_id": 36,
      "transform_matrix": [
        [
          0.988054633140564,
          0.09358014911413193,
          0.12243679165840149,
          0.07976076006889343
        ],
        [
          -0.12788371741771698,
          0.9412323832511902,
          0.312613844871521,
          0.15510982275009155
        ],
        [
          -0.08598702400922775,
          -0.3245372176170349,
          0.9419563412666321,
          0.6934230923652649
        ],
        [
          0.0,
          0.0,
          0.0,
          1.0
        ]
      ]
    },
    {
      "img_id": 37,
      "aud_id": 37,
      "transform_matrix": [
        [
          0.9881120920181274,
          0.09352698177099228,
          0.12201319634914398,
          0.07937018573284149
        ],
        [
          -0.12822362780570984,
          0.9392234086990356,
          0.3184622824192047,
          0.1594056487083435
        ],
        [
          -0.08481282740831375,
          -0.33032140135765076,
          0.9400503039360046,
          0.6928003430366516
        ],
        [
          0.0,
          0.0,
          0.0,
          1.0
        ]
      ]
    },
    {
      "img_id": 38,
      "aud_id": 38,
      "transform_matrix": [
        [
          0.9879822731018066,
          0.09394051134586334,
          0.12274449318647385,
          0.07984600961208344
        ],
        [
          -0.1286889761686325,
          0.9397993683815002,
          0.3165697753429413,
          0.15816888213157654
        ],
        [
          -0.08561646193265915,
          -0.3285611867904663,
          0.9405941963195801,
          0.6935157179832458
        ],
        [
          0.0,
          0.0,
          0.0,
          1.0
        ]
      ]
    },
    {
      "img_id": 39,
      "aud_id": 39,
      "transform_matrix": [
        [
          0.9879898428916931,
          0.09230723977088928,
          0.12391713261604309,
          0.0806887075304985
        ],
        [
          -0.12746724486351013,
          0.94017493724823,
          0.3159482181072235,
          0.15777026116847992
        ],
        [
          -0.08733946830034256,
          -0.32794901728630066,
          0.9406494498252869,
          0.6943026781082153
        ],
        [
          0.0,
          0.0,
          0.0,
          1.0
        ]
      ]
    },
    {
      "img_id": 40,
      "aud_id": 40,
      "transform_matrix": [
        [
          0.9884907603263855,
          0.08321855962276459,
          0.12633603811264038,
          0.08341669291257858
        ],
        [
          -0.1193673387169838,
          0.9420874714851379,
          0.31340497732162476,
          0.15594834089279175
        ],
        [
          -0.09293849021196365,
          -0.3248782753944397,
          0.9411782622337341,
          0.6951500177383423
        ],
        [
          0.0,
          0.0,
          0.0,
          1.0
        ]
      ]
    },
    {
      "img_id": 41,
      "aud_id": 41,
      "transform_matrix": [
        [
          0.9884010553359985,
          0.07941390573978424,
          0.12944814562797546,
          0.08589629083871841
        ],
        [
          -0.11599697172641754,
          0.9449411034584045,
          0.30599164962768555,
          0.15067997574806213
        ],
        [
          -0.09802088886499405,
          -0.31745806336402893,
          0.9431926012039185,
          0.6961864233016968
        ],
        [
          0.0,
          0.0,
          0.0,
          1.0
        ]
      ]
    },
    {
      "img_id": 42,
      "aud_id": 42,
      "transform_matrix": [
        [
          0.9889588952064514,
          0.07283875346183777,
          0.12905314564704895,
          0.08625338226556778
        ],
        [
          -0.10949612408876419,
          0.9459823369979858,
          0.3051688075065613,
          0.14975503087043762
        ],
        [
          -0.09985387325286865,
          -0.31593024730682373,
          0.9435132145881653,
          0.6965125799179077
        ],
        [
          0.0,
          0.0,
          0.0,
          1.0
        ]
      ]
    },
    {
      "img_id": 43,
      "aud_id": 43,
      "transform_matrix": [
        [
          0.9884544014930725,
          0.07262533903121948,
          0.13297894597053528,
          0.08890914916992188
        ],
        [
          -0.11014573276042938,
          0.94708651304245,
          0.3014880120754242,
          0.1469038724899292
        ],
        [
          -0.10404691100120544,
          -0.3126542568206787,
          0.9441512227058411,
          0.696682870388031
        ],
        [
          0.0,
          0.0,
          0.0,
          1.0
        ]
      ]
    },
    {
      "img_id": 44,
      "aud_id": 44,
      "transform_matrix": [
        [
          0.9883242845535278,
          0.0736454427242279,
          0.13338500261306763,
          0.08897344022989273
        ],
        [
          -0.11155732721090317,
          0.9460343718528748,
          0.30425989627838135,
          0.14882126450538635
        ],
        [
          -0.10377942770719528,
          -0.31558749079704285,
          0.9432043433189392,
          0.6964936256408691
        ],
        [
          0.0,
          0.0,
          0.0,
          1.0
        ]
      ]
    },
    {
      "img_id": 45,
      "aud_id": 45,
      "transform_matrix": [
        [
          0.9882239103317261,
          0.0734034925699234,
          0.1342589557170868,
          0.08963430672883987
        ],
        [
          -0.11137659102678299,
          0.9467163681983948,
          0.30219751596450806,
          0.14713835716247559
        ],
        [
          -0.1049228087067604,
          -0.3135921061038971,
          0.9437432289123535,
          0.6963893175125122
        ],
        [
          0.0,
          0.0,
          0.0,
          1.0
        ]
      ]
    },
    {
      "img_id": 46,
      "aud_id": 46,
      "transform_matrix": [
        [
          0.9880473017692566,
          0.07293248176574707,
          0.13580623269081116,
          0.09076584130525589
        ],
        [
          -0.11020386964082718,
          0.9502053260803223,
          0.291487455368042,
          0.13912267982959747
        ],
        [
          -0.10778491199016571,
          -0.302969753742218,
          0.9468852877616882,
          0.6970793604850769
        ],
        [
          0.0,
          0.0,
          0.0,
          1.0
        ]
      ]
    },
    {
      "img_id": 47,
      "aud_id": 47,
      "transform_matrix": [
        [
          0.9880669713020325,
          0.07464833557605743,
          0.13472656905651093,
          0.08974915742874146
        ],
        [
          -0.11091066151857376,
          0.9517735242843628,
          0.2860523760318756,
          0.13513796031475067
        ],
        [
          -0.10687585175037384,
          -0.2975815236568451,
          0.9486953020095825,
          0.6976872086524963
        ],
        [
          0.0,
          0.0,
          0.0,
          1.0
        ]
      ]
    },
    {
      "img_id": 48,
      "aud_id": 48,
      "transform_matrix": [
        [
          0.9880536198616028,
          0.07670389115810394,
          0.1336657702922821,
          0.08868596702814102
        ],
        [
          -0.1127658560872078,
          0.9510225057601929,
          0.2878192961215973,
          0.13659484684467316
        ],
        [
          -0.10504230856895447,
          -0.29945382475852966,
          0.9483108520507812,
          0.6978621482849121
        ],
        [
          0.0,
          0.0,
          0.0,
          1.0
        ]
      ]
    },
    {
      "img_id": 49,
      "aud_id": 49,
      "transform_matrix": [
        [
          0.9885854721069336,
          0.07309455424547195,
          0.13174188137054443,
          0.08770228177309036
        ],
        [
          -0.1087130755186081,
          0.9514798521995544,
          0.2878671884536743,
          0.13653564453125
        ],
        [
          -0.10430821776390076,
          -0.2989034056663513,
          0.9485655426979065,
          0.6982498168945312
        ],
        [
          0.0,
          0.0,
          0.0,
          1.0
        ]
      ]
    },
    {
      "img_id": 50,
      "aud_id": 50,
      "transform_matrix": [
        [
          0.989067792892456,
          0.07396380603313446,
          0.127570241689682,
          0.08465080708265305
        ],
        [
          -0.10834895074367523,
          0.9513399004936218,
          0.28846657276153564,
          0.13702017068862915
        ],
        [
          -0.10002657026052475,
          -0.29913511872291565,
          0.9489535689353943,
          0.6990305781364441
        ],
        [
          0.0,
          0.0,
          0.0,
          1.0
        ]
      ]
    },
    {
      "img_id": 51,
      "aud_id": 51,
      "transform_matrix": [
        [
          0.989632248878479,
          0.07609506696462631,
          0.12180894613265991,
          0.08018156886100769
        ],
        [
          -0.10922223329544067,
          0.9494737386703491,
          0.2942277789115906,
          0.14112228155136108
        ],
        [
          -0.0932651236653328,
          -0.30448153614997864,
          0.9479411840438843,
          0.6993018984794617
        ],
        [
          0.0,
          0.0,
          0.0,
          1.0
        ]
      ]
    },
    {
      "img_id": 52,
      "aud_id": 52,
      "transform_matrix": [
        [
          0.9902634024620056,
          0.07419273257255554,
          0.11778707057237625,
          0.07745729386806488
        ],
        [
          -0.10657437145709991,
          0.9484077095985413,
          0.2986043095588684,
          0.1441277265548706
        ],
        [
          -0.08955591171979904,
          -0.3082500398159027,
          0.9470806121826172,
          0.6992083787918091
        ],
        [
          0.0,
          0.0,
          0.0,
          1.0
        ]
      ]
    },
    {
      "img_id": 53,
      "aud_id": 53,
      "transform_matrix": [
        [
          0.9904872179031372,
          0.07482868432998657,
          0.11548075079917908,
          0.07588991522789001
        ],
        [
          -0.10645201802253723,
          0.9484654664993286,
          0.2984647750854492,
          0.1439630091190338
        ],
        [
          -0.08719577640295029,
          -0.3079186677932739,
          0.9474085569381714,
          0.699363112449646
        ],
        [
          0.0,
          0.0,
          0.0,
          1.0
        ]
      ]
    },
    {
      "img_id": 54,
      "aud_id": 54,
      "transform_matrix": [
        [
          0.9900125861167908,
          0.07792390882968903,
          0.11748559772968292,
          0.07692482322454453
        ],
        [
          -0.11014826595783234,
          0.9476778507232666,
          0.29962319135665894,
          0.14464327692985535
        ],
        [
          -0.08799069374799728,
          -0.3095715641975403,
          0.946796178817749,
          0.698824405670166
        ],
        [
          0.0,
          0.0,
          0.0,
          1.0
        ]
      ]
    },
    {
      "img_id": 55,
      "aud_id": 55,
      "transform_matrix": [
        [
          0.9898700714111328,
          0.07636748254299164,
          0.11968861520290375,
          0.07856978476047516
        ],
        [
          -0.10939681529998779,
          0.9476035237312317,
          0.30013322830200195,
          0.14480796456336975
        ],
        [
          -0.09049692749977112,
          -0.3101864457130432,
          0.9463586807250977,
          0.6983211040496826
        ],
        [
          0.0,
          0.0,
          0.0,
          1.0
        ]
      ]
    },
    {
      "img_id": 56,
      "aud_id": 56,
      "transform_matrix": [
        [
          0.9897195100784302,
          0.07611771672964096,
          0.1210838258266449,
          0.07947558164596558
        ],
        [
          -0.10893045365810394,
          0.9497926235198975,
          0.2933054566383362,
          0.1395784169435501
        ],
        [
          -0.09267878532409668,
          -0.3034798800945282,
          0.9483199119567871,
          0.6984862089157104
        ],
        [
          0.0,
          0.0,
          0.0,
          1.0
        ]
      ]
    },
    {
      "img_id": 57,
      "aud_id": 57,
      "transform_matrix": [
        [
          0.989466667175293,
          0.07850035279989243,
          0.12162794172763824,
          0.07943744957447052
        ],
        [
          -0.11103243380784988,
          0.9506538510322571,
          0.2897050380706787,
          0.13689301908016205
        ],
        [
          -0.0928841233253479,
          -0.30015817284584045,
          0.9493564367294312,
          0.6985951066017151
        ],
        [
          0.0,
          0.0,
          0.0,
          1.0
        ]
      ]
    },
    {
      "img_id": 58,
      "aud_id": 58,
      "transform_matrix": [
        [
          0.9891826510429382,
          0.07895343005657196,
          0.12362857162952423,
          0.08070345968008041
        ],
        [
          -0.11122073978185654,
          0.9531933069229126,
          0.28116270899772644,
          0.13064882159233093
        ],
        [
          -0.09564316272735596,
          -0.2918713390827179,
          0.9516635537147522,
          0.6989713907241821
        ],
        [
          0.0,
          0.0,
          0.0,
          1.0
        ]
      ]
    },
    {
      "img_id": 59,
      "aud_id": 59,
      "transform_matrix": [
        [
          0.9895442724227905,
          0.07791538536548615,
          0.12137256562709808,
          0.079352967441082
        ],
        [
          -0.11006439477205276,
          0.9517820477485657,
          0.28635072708129883,
          0.1345020830631256
        ],
        [
          -0.09320910274982452,
          -0.29671552777290344,
          0.9504061937332153,
          0.6986048221588135
        ],
        [
          0.0,
          0.0,
          0.0,
          1.0
        ]
      ]
    },
    {
      "img_id": 60,
      "aud_id": 60,
      "transform_matrix": [
        [
          0.9896125197410583,
          0.07949823141098022,
          0.11977972090244293,
          0.07818891853094101
        ],
        [
          -0.11089780181646347,
          0.9523425102233887,
          0.28415748476982117,
          0.13281399011611938
        ],
        [
          -0.09148130565881729,
          -0.2944891154766083,
          0.9512662291526794,
          0.6990175247192383
        ],
        [
          0.0,
          0.0,
          0.0,
          1.0
        ]
      ]
    },
    {
      "img_id": 61,
      "aud_id": 61,
      "transform_matrix": [
        [
          0.9895725846290588,
          0.08082917332649231,
          0.11921688914299011,
          0.07764056324958801
        ],
        [
          -0.11269544064998627,
          0.9499474167823792,
          0.2913753390312195,
          0.13789862394332886
        ],
        [
          -0.08969815075397491,
          -0.30177226662635803,
          0.9491510391235352,
          0.698841392993927
        ],
        [
          0.0,
          0.0,
          0.0,
          1.0
        ]
      ]
    },
    {
      "img_id": 62,
      "aud_id": 62,
      "transform_matrix": [
        [
          0.9897507429122925,
          0.07967313379049301,
          0.11851426959037781,
          0.07741623371839523
        ],
        [
          -0.11201995611190796,
          0.9478799700737,
          0.298287034034729,
          0.1427665799856186
        ],
        [
          -0.08857183158397675,
          -0.3085057735443115,
          0.9470898509025574,
          0.6983758807182312
        ],
        [
          0.0,
          0.0,
          0.0,
          1.0
        ]
      ]
    },
    {
      "img_id": 63,
      "aud_id": 63,
      "transform_matrix": [
        [
          0.9897668957710266,
          0.0806790441274643,
          0.11769625544548035,
          0.07677645236253738
        ],
        [
          -0.11335895955562592,
          0.9455361366271973,
          0.305141419172287,
          0.1478477120399475
        ],
        [
          -0.08666754513978958,
          -0.31536075472831726,
          0.9450059533119202,
          0.6979197859764099
        ],
        [
          0.0,
          0.0,
          0.0,
          1.0
        ]
      ]
    },
    {
      "img_id": 64,
      "aud_id": 64,
      "transform_matrix": [
        [
          0.9896125197410583,
          0.08095987141132355,
          0.11879567801952362,
          0.07741500437259674
        ],
        [
          -0.11325260251760483,
          0.948027491569519,
          0.29735103249549866,
          0.1418418288230896
        ],
        [
          -0.08854807913303375,
          -0.3077162206172943,
          0.9473488926887512,
          0.6982421278953552
        ],
        [
          0.0,
          0.0,
          0.0,
          1.0
        ]
      ]
    },
    {
      "img_id": 65,
      "aud_id": 65,
      "transform_matrix": [
        [
          0.9898285865783691,
          0.07976942509412766,
          0.11779701709747314,
          0.07671051472425461
        ],
        [
          -0.1115354672074318,
          0.9491237998008728,
          0.2944890856742859,
          0.13954636454582214
        ],
        [
          -0.08831273764371872,
          -0.3046322762966156,
          0.9483670592308044,
          0.6981521248817444
        ],
        [
          0.0,
          0.0,
          0.0,
          1.0
        ]
      ]
    },
    {
      "img_id": 66,
      "aud_id": 66,
      "transform_matrix": [
        [
          0.9898579120635986,
          0.078738272190094,
          0.11824402213096619,
          0.07702293992042542
        ],
        [
          -0.11064285039901733,
          0.9493653178215027,
          0.2940470576286316,
          0.13906966149806976
        ],
        [
          -0.08910401165485382,
          -0.3041476607322693,
          0.9484485387802124,
          0.6975073218345642
        ],
        [
          0.0,
          0.0,
          0.0,
          1.0
        ]
      ]
    },
    {
      "img_id": 67,
